image: /home/zxy/pi_robot/src/rplidar_ros/map/0904karto.pgm
resolution: 0.025000
origin: [-10.022685, -5.051339, 0.000000]
negate: 0
occupied_thresh: 0.65
free_thresh: 0.196

